"Station";"Name";"Höhe m";"Datum";"Zeit";"T °C";"TP °C";"RF %";"WR °";"WG km/h";"WSR °";"WSG km/h";"N l/m²";"LDred hPa";"LDstat hPa";"SO %"
11010;"Linz/Hörsching";298;"07-04-2018";"23:00";10,8;4,1;63;90;22,3;;40,7;0;1015,3;978;0
11012;"Kremsmünster";383;"07-04-2018";"23:00";9,2;4;70;63;25,2;69;48,6;0;1015,4;968,9;0
11022;"Retz";320;"07-04-2018";"23:00";8,1;5,1;81;73;13;110;24,1;0;1020,5;981,9;0
11035;"Wien/Hohe Warte";203;"07-04-2018";"23:00";9,2;5,4;78;139;18,4;132;32,4;0;1020,3;995,1;0
11036;"Wien/Schwechat";183;"07-04-2018";"23:00";7,3;5,1;86;150;14,8;;29,5;0;1021,3;998,9;0
11101;"Bregenz";424;"07-04-2018";"23:00";11,1;5,6;69;118;5,8;104;11,2;0;1011,4;960,1;0
11121;"Innsbruck";579;"07-04-2018";"23:00";11,7;1,4;49;248;10,8;158;39,6;0;1013,6;945,5;0
11126;"Patscherkofel";2247;"07-04-2018";"23:00";3,2;-3,4;62;169;28,1;175;44,3;0;;774;0
11130;"Kufstein";495;"07-04-2018";"23:00";9,9;4;67;16;1,1;234;7,2;0;1013,1;955,2;0
11150;"Salzburg";430;"07-04-2018";"23:00";8,1;4,5;78;220;1,8;;9,4;0;1013,4;960,5;0
11155;"Feuerkogel";1618;"07-04-2018";"23:00";7,8;-4,8;41;224;9,4;216;18,4;0;;834,7;0
11157;"Aigen im Ennstal";640;"07-04-2018";"23:00";8,5;2,6;67;41;11,9;45;28,4;0;1017,1;940,5;0
11171;"Mariazell";866;"07-04-2018";"23:00";6,8;2,5;74;158;33,1;144;52,6;0;1018,2;917,4;0
11190;"Eisenstadt";184;"07-04-2018";"23:00";7,8;4,8;81;75;4,3;73;16,9;0;1021,1;998,9;0
11204;"Lienz";659;"07-04-2018";"23:00";8,5;2,3;66;283;5,8;312;14;0;1018,5;940;0
11240;"Graz/Flughafen";340;"07-04-2018";"23:00";9;5,9;81;110;7,6;;13;0;1021,1;977,5;0
11244;"Bad Gleichenberg";280;"07-04-2018";"23:00";9,3;6,4;82;311;2,5;333;10,8;0;1021,4;988,7;0
11265;"Villacher Alpe";2140;"07-04-2018";"23:00";-1,2;-1,6;98;219;37,1;220;41,8;0;;783,4;0
11331;"Klagenfurt/Flughafen";447;"07-04-2018";"23:00";10,8;2,9;59;108;9,4;92;26,6;0;1018,9;965,4;0
11343;"Sonnblick";3105;"07-04-2018";"23:00";-4,5;-7,9;78;279;20,2;320;34,6;;;695,1;0
11389;"St. Pölten";270;"07-04-2018";"23:00";9,4;4,6;72;54;9,7;66;24,8;0;1018,6;986,2;0
